324 1117
0 1
0 2
0 5
0 6
0 7
0 8
0 9
0 10
0 11
0 12
0 13
0 15
0 16
0 19
0 20
0 22
0 24
0 37
0 39
0 45
0 46
0 47
0 48
0 49
0 50
0 51
0 53
0 59
0 61
0 62
0 63
0 66
0 68
0 73
0 75
0 76
0 77
0 79
0 80
0 81
0 86
0 88
0 89
0 98
0 103
0 104
0 107
0 113
0 114
0 115
0 118
0 119
0 120
0 121
0 123
0 125
0 131
0 132
0 140
0 145
0 146
0 149
0 156
0 166
0 168
0 170
0 172
0 180
0 182
0 184
0 188
0 191
0 201
0 202
0 207
0 210
0 211
0 215
0 222
0 227
0 229
0 233
0 235
0 241
0 254
0 278
0 280
1 2
2 3
2 4
2 5
2 7
2 13
2 22
2 37
2 67
2 70
2 73
2 74
2 75
2 79
2 86
2 97
2 135
2 139
2 157
2 164
2 165
2 177
2 179
2 182
2 197
2 198
2 206
2 220
2 234
2 238
2 239
2 242
2 245
2 251
2 260
2 264
2 267
2 269
2 272
2 273
2 274
2 275
2 276
2 277
2 279
2 286
3 4
3 172
3 181
4 5
4 93
4 94
4 95
4 133
5 6
5 10
5 11
5 13
5 15
5 21
5 22
5 37
5 39
5 46
5 48
5 50
5 59
5 64
5 65
5 66
5 67
5 86
5 88
5 113
5 115
5 118
5 120
5 121
5 128
5 138
5 140
5 145
5 147
5 150
5 156
5 168
5 184
5 188
5 210
5 224
5 226
5 228
5 248
6 7
6 11
6 13
6 15
6 19
6 20
6 22
6 47
6 49
6 60
6 66
6 68
6 73
6 75
6 81
6 103
6 106
6 118
6 141
6 169
6 170
6 219
7 8
7 15
7 22
7 72
7 115
7 118
7 132
7 138
7 143
7 157
8 9
8 11
8 13
8 71
8 72
8 104
8 121
8 154
8 180
9 10
9 11
9 22
9 35
9 94
9 109
9 114
9 160
9 172
9 211
10 11
10 42
11 12
11 13
11 15
11 16
11 17
11 20
11 22
11 39
11 44
11 45
11 46
11 47
11 48
11 49
11 50
11 52
11 53
11 55
11 56
11 58
11 66
11 73
11 76
11 104
11 105
11 118
11 120
11 125
11 126
11 140
11 152
11 163
11 168
11 175
11 247
11 278
11 285
12 13
12 37
12 39
12 104
12 129
12 153
13 14
13 20
13 22
13 47
13 72
13 88
13 104
13 107
13 114
13 138
13 156
13 178
13 187
13 202
13 271
13 302
13 303
13 314
14 15
14 62
14 73
14 98
14 100
14 101
14 102
14 103
14 132
14 133
14 134
14 136
14 137
14 147
14 164
14 187
14 204
14 216
15 16
15 22
15 83
15 113
15 118
15 195
15 208
16 17
16 18
16 19
16 22
16 37
16 42
16 43
16 44
16 45
16 46
16 47
16 48
16 49
16 50
16 51
16 54
16 55
16 56
16 58
16 59
16 66
16 76
16 80
16 104
16 112
16 115
16 117
16 125
16 146
16 156
16 158
16 198
16 229
16 250
16 269
16 285
16 289
16 301
16 311
17 18
17 47
17 49
17 88
17 118
18 19
18 39
18 47
18 48
18 75
18 104
18 140
18 142
18 151
18 168
19 20
19 21
19 47
19 67
19 79
19 80
19 86
19 92
19 118
19 122
19 171
19 174
19 201
20 21
20 22
20 48
20 76
20 144
20 176
21 22
21 58
21 89
21 121
21 188
22 23
22 25
22 37
22 46
22 48
22 60
22 66
22 68
22 104
22 113
22 118
22 121
22 129
22 131
22 153
22 176
22 180
22 182
22 183
22 191
22 199
22 243
22 278
22 284
22 296
22 300
22 306
22 316
22 317
23 24
23 25
23 26
23 27
23 28
23 29
23 30
23 34
23 35
23 37
23 70
23 90
23 109
23 114
23 115
23 122
23 129
23 170
24 25
24 26
24 27
24 28
24 30
24 34
24 37
24 159
24 195
24 285
24 320
25 26
25 28
25 29
25 30
25 32
25 33
25 34
25 37
25 66
25 70
25 114
26 27
26 28
26 29
26 30
26 35
26 112
26 153
27 28
27 29
27 30
27 34
27 113
27 146
27 150
27 170
27 212
27 323
28 29
28 30
28 31
28 32
28 33
28 34
28 35
28 37
28 64
28 65
28 66
28 69
28 70
28 74
28 78
28 80
28 82
28 83
28 84
28 90
28 117
28 121
28 129
28 154
28 156
28 202
28 215
28 223
28 243
28 246
28 247
28 268
28 278
28 280
28 285
29 30
29 34
29 37
29 115
30 31
30 32
30 33
30 34
30 35
30 37
30 64
30 69
30 107
30 141
30 146
30 164
30 165
30 178
30 264
30 280
30 294
30 295
30 298
30 304
30 322
31 32
31 65
32 33
32 34
32 35
32 60
32 66
32 69
32 70
32 78
32 80
32 82
32 83
32 92
32 114
32 115
32 118
32 129
32 141
32 145
32 151
32 156
32 229
32 290
32 291
32 292
32 293
32 299
33 34
33 64
33 66
33 70
33 74
33 83
33 84
33 90
33 109
33 114
33 118
33 159
33 195
34 35
34 36
34 37
34 64
34 70
34 74
34 78
34 80
34 82
34 83
34 84
34 105
34 108
34 114
34 115
34 116
34 168
34 171
34 172
34 188
34 190
34 191
34 229
34 237
34 249
34 269
34 278
34 280
34 285
35 36
35 37
35 66
35 90
35 93
36 37
36 107
37 38
37 39
37 74
37 79
37 112
37 117
37 173
37 225
37 310
37 312
38 127
39 40
39 74
39 105
40 41
40 42
40 44
40 46
40 55
40 56
40 58
40 59
40 66
40 67
40 72
40 73
40 79
40 83
40 88
40 90
40 113
40 118
40 131
40 158
40 243
40 247
40 285
41 42
41 44
41 45
41 47
42 43
42 44
42 45
42 47
42 50
42 51
42 53
42 54
42 56
42 58
42 59
42 60
42 66
42 90
42 92
42 109
42 113
42 141
42 168
43 44
43 46
43 74
44 45
44 46
44 54
44 56
44 60
44 73
44 74
44 75
44 121
44 149
45 46
45 48
45 49
45 120
45 121
45 141
45 192
46 47
46 49
46 50
46 56
46 58
46 59
46 73
46 86
46 122
47 48
47 49
47 58
47 76
47 129
48 50
48 60
48 65
48 104
48 122
48 217
49 51
49 118
50 51
50 52
50 59
50 64
50 65
50 66
50 70
50 113
50 114
50 139
50 154
50 157
50 309
50 313
51 52
51 54
51 59
51 65
52 53
52 54
52 56
53 54
53 56
53 58
54 55
54 56
54 58
54 59
54 66
54 76
54 79
55 56
55 154
56 57
56 58
56 59
56 66
56 84
56 114
56 115
56 118
56 122
56 149
56 172
56 194
56 318
58 59
58 66
58 88
58 104
58 112
58 120
58 124
58 215
58 305
58 315
58 319
59 60
59 73
59 122
59 124
59 146
62 74
62 97
62 143
63 64
64 66
64 78
64 81
64 82
64 108
64 114
64 115
64 135
65 117
65 118
66 67
66 70
66 74
66 80
66 82
66 90
66 105
66 109
66 114
66 124
67 97
67 114
67 115
68 85
68 86
68 174
68 189
68 203
68 213
69 96
69 97
69 98
69 100
69 113
69 129
69 166
69 185
69 214
70 71
70 74
70 78
70 80
70 82
70 83
70 90
70 111
70 113
70 115
70 118
70 124
70 127
70 146
70 147
70 160
70 161
70 166
70 167
70 169
70 170
70 178
70 186
70 193
70 195
70 197
70 199
70 207
70 212
70 213
70 214
70 218
70 221
70 226
70 231
70 240
70 245
70 264
70 269
70 270
70 271
70 281
70 292
70 294
70 297
70 309
71 72
71 73
72 73
72 76
72 90
72 141
72 158
72 178
73 74
73 109
73 129
74 75
74 83
74 120
74 121
74 170
75 76
75 154
75 157
76 77
76 86
76 113
76 134
76 138
76 147
76 180
77 79
77 203
83 84
85 86
85 138
86 87
86 88
86 123
86 151
87 88
87 89
87 134
87 137
87 145
87 152
87 174
88 89
88 137
89 90
90 91
90 92
90 93
90 109
90 114
90 115
90 126
90 127
90 152
91 92
91 118
92 93
92 109
92 121
92 160
92 182
92 200
93 94
94 95
94 132
94 134
94 137
94 147
94 204
94 213
94 308
95 99
95 100
95 128
95 132
95 137
96 97
96 98
96 118
97 98
97 164
98 99
98 100
98 126
98 175
99 100
99 123
99 132
99 200
99 203
100 101
100 102
100 132
100 137
100 138
101 102
101 118
101 132
101 134
101 137
101 138
101 158
101 181
101 183
101 185
101 193
101 196
101 197
101 244
102 103
102 137
102 147
102 199
103 127
103 132
103 137
103 138
103 147
103 151
103 158
103 183
104 105
104 109
107 147
109 110
109 113
109 122
109 124
109 128
110 111
110 155
110 167
111 127
113 114
114 115
115 116
115 182
115 191
115 207
116 135
117 156
118 119
118 121
118 123
118 129
118 151
118 227
118 320
118 321
119 157
119 177
119 181
121 122
127 176
127 177
128 192
129 130
129 131
131 142
131 155
132 133
132 137
132 147
132 158
132 165
132 169
132 183
132 221
132 230
132 236
132 307
133 136
133 147
133 176
136 147
136 155
137 138
137 139
137 140
137 143
137 149
139 172
146 153
147 148
147 151
147 163
148 167
148 169
149 151
149 160
149 176
153 154
153 161
153 188
153 197
155 157
155 198
159 187
161 177
162 164
164 177
164 197
167 169
169 170
169 179
179 203
179 213
189 203
195 271
203 204
203 205
203 206
203 209
203 213
203 232
203 242
203 245
203 252
203 253
203 255
203 256
203 257
203 258
203 259
203 261
203 262
203 263
203 264
203 265
203 266
203 269
203 272
203 274
203 277
203 278
203 280
203 282
203 283
203 284
203 285
203 287
203 288
203 290
203 293
214 218
